1 7
10 7
100 7
1031 5
1032 5
1033 5
1034 5
1035 5
1036 5
1037 10
1038 5
1039 3
1040 5
1041 5
1042 5
1043 5
1044 5
1045 8
1046 4
1047 5
1048 1
1049 2
1050 5
1051 10
1052 5
1053 9
1054 5
1055 5
1056 5
1057 5
1058 5
1059 5
1060 7
1061 4
1062 5
1063 5
1064 5
1065 10
1066 5
1067 3
1068 5
1069 5
1070 3
1071 5
1072 5
1073 5
1074 7
1075 5
1076 4
1077 5
1078 3
1079 5
1080 2
1081 5
1082 5
1083 5
1084 5
1085 4
1086 5
1087 6
1088 5
1089 5
1090 5
1091 5
1092 5
1093 8
1094 10
1095 6
1096 5
1097 2
1098 5
1099 5
11 7
1100 10
1101 5
1102 5
1103 5
1104 7
1105 5
1106 5
1107 7
1108 5
1109 5
1110 10
1111 5
1112 5
1113 5
1114 8
1115 5
1116 5
1117 5
1118 5
1119 6
1120 2
1121 5
1122 5
1123 5
1124 5
1125 5
1126 4
1127 5
1128 5
1129 3
1130 5
12 2
13 9
1335 10
1336 10
1337 7
1338 5
1339 10
1340 10
1341 10
1342 10
1343 10
1344 10
1345 8
1346 10
1347 10
1348 10
1349 4
1350 9
1351 10
1352 4
1353 10
1354 10
1355 10
1356 10
1357 5
1358 10
1359 10
1360 10
1361 10
1362 10
1363 4
1364 10
1365 10
1366 10
1367 10
1368 4
1369 10
1370 10
1371 10
1372 10
1373 5
1374 10
1375 10
1376 10
1377 10
1378 10
1379 10
1380 10
1381 10
1382 10
1383 1
1384 10
1385 10
1386 10
1387 10
1388 10
1389 10
1390 5
1391 10
1392 10
1393 10
1394 10
1395 10
1396 10
1397 8
1398 10
1399 10
14 7
1400 10
1401 10
1402 10
1403 10
1404 10
1405 10
1406 10
1407 7
1408 4
1409 10
1410 10
1411 10
1412 10
1413 10
1414 10
1415 10
1416 1
1417 2
1418 4
1419 1
1420 4
1421 4
1422 10
1423 10
1424 10
1425 4
1426 10
1427 10
1428 10
1429 5
1430 10
1431 10
1432 10
1433 10
1434 10
15 7
16 1
1639 2
1640 4
1641 5
1642 9
1643 4
1644 4
1645 4
1646 4
1647 4
1648 3
1649 4
1650 4
1651 4
1652 4
1653 4
1654 4
1655 4
1656 9
1657 4
1658 4
1659 8
1660 4
1661 5
1662 4
1663 4
1664 4
1665 3
1666 4
1667 4
1668 4
1669 8
1670 4
1671 4
1672 4
1673 4
1674 5
1675 3
1676 4
1677 4
1678 4
1679 7
1680 4
1681 8
1682 9
1683 4
1684 1
1685 4
1686 4
1687 4
1688 4
1689 4
1690 10
1691 8
1692 9
1693 4
1694 4
1695 8
1696 4
1697 4
1698 1
1699 4
17 7
1700 3
1701 4
1702 3
1703 4
1704 5
1705 4
1706 5
1707 3
1708 4
1709 4
1710 4
1711 4
1712 4
1713 10
1714 3
1715 4
1716 6
1717 4
1718 5
1719 4
1720 4
1721 4
1722 4
1723 4
1724 4
1725 8
1726 4
1727 10
1728 4
1729 4
1730 4
1731 4
1732 4
1733 4
1734 4
1735 4
1736 10
1737 4
1738 4
18 7
19 1
1947 1
1948 1
1949 1
1950 1
1951 1
1952 1
1953 1
1954 6
1955 1
1956 1
1957 1
1958 1
1959 1
1960 1
1961 1
1962 1
1963 1
1964 1
1965 1
1966 1
1967 1
1968 1
1969 1
1970 1
1971 1
1972 1
1973 1
1974 1
1975 10
1976 1
1977 1
1978 1
1979 1
1980 1
1981 1
1982 1
1983 1
1984 1
1985 1
1986 1
1987 1
1988 1
1989 1
1990 1
1991 1
1992 1
1993 1
1994 1
1995 1
1996 1
1997 1
1998 1
1999 1
2 6
20 7
2000 1
2001 1
2002 4
2003 1
2004 1
2005 1
2006 1
2007 1
2008 1
2009 1
2010 1
2011 1
2012 1
2013 1
2014 1
2015 1
2016 1
2017 1
2018 1
2019 1
2020 1
2021 1
2022 1
2023 1
2024 1
2025 1
2026 1
2027 1
2028 1
2029 1
2030 1
2031 5
2032 1
2033 1
2034 1
2035 1
2036 1
2037 1
2038 4
2039 1
2040 1
2041 1
2042 1
2043 1
2044 1
2045 1
2046 6
21 7
22 7
2265 8
2266 4
2267 8
2268 2
2269 8
2270 8
2271 8
2272 8
2273 8
2274 8
2275 8
2276 3
2277 8
2278 8
2279 8
2280 8
2281 8
2282 8
2283 8
2284 8
2285 8
2286 8
2287 2
2288 1
2289 8
2290 8
2291 8
2292 8
2293 8
2294 8
2295 3
2296 8
2297 8
2298 8
2299 7
23 7
2300 8
2301 8
2302 8
2303 8
2304 4
2305 5
2306 3
2307 8
2308 8
2309 8
2310 8
2311 8
2312 8
2313 8
2314 2
2315 8
2316 8
2317 8
2318 8
2319 8
2320 8
2321 8
2322 8
2323 8
2324 8
2325 8
2326 8
2327 8
2328 8
2329 8
2330 8
2331 8
2332 8
2333 8
2334 8
2335 8
2336 2
2337 8
2338 3
2339 8
2340 8
2341 8
2342 8
2343 9
2344 8
2345 8
2346 8
2347 8
2348 8
2349 8
2350 8
2351 8
2352 10
2353 8
2354 1
2355 8
2356 8
2357 8
2358 4
2359 8
2360 8
2361 8
2362 4
2363 8
2364 8
24 6
25 7
26 2
2692 9
2693 7
2694 3
2695 9
2696 9
2697 9
2698 9
2699 9
27 7
2700 9
2701 9
2702 9
2703 5
2704 9
2705 9
2706 9
2707 9
2708 9
2709 9
2710 9
2711 9
2712 9
2713 4
2714 6
2715 9
2716 9
2717 9
2718 9
2719 9
2720 9
2721 9
2722 9
2723 9
2724 9
2725 3
2726 9
2727 9
2728 10
2729 9
2730 7
2731 9
2732 9
2733 9
2734 4
2735 9
2736 8
2737 9
2738 9
2739 9
2740 9
2741 9
2742 9
2743 9
2744 3
2745 9
2746 3
2747 9
2748 4
2749 8
2750 9
2751 8
2752 9
2753 9
2754 3
2755 9
2756 9
2757 9
2758 3
2759 9
2760 9
2761 9
2762 9
2763 9
2764 9
2765 9
2766 9
2767 9
2768 9
2769 9
2770 9
2771 7
2772 9
2773 9
2774 9
2775 9
2776 3
2777 3
2778 9
2779 9
2780 9
2781 9
2782 3
2783 9
2784 3
2785 7
2786 9
2787 9
2788 9
2789 9
2790 9
2791 4
28 7
29 2
296 2
297 9
298 2
299 7
3 3
30 7
300 7
301 2
302 2
303 2
304 2
305 2
306 9
307 6
308 2
309 6
31 3
310 2
311 3
312 2
3122 5
3123 3
3124 9
3125 3
3126 3
3127 3
3128 7
3129 5
313 6
3130 3
3131 3
3132 3
3133 3
3134 3
3135 3
3136 6
3137 3
3138 3
3139 3
314 7
3140 9
3141 7
3142 3
3143 3
3144 3
3145 3
3146 9
3147 3
3148 3
3149 3
315 6
3150 3
3151 3
3152 3
3153 5
3154 3
3155 3
3156 6
3157 3
3158 3
3159 3
316 2
3160 3
3161 3
3162 2
3163 3
3164 3
3165 3
3166 3
3167 3
3168 3
3169 5
317 6
3170 6
3171 7
3172 3
3173 3
3174 3
3175 3
3176 3
3177 3
3178 3
3179 3
318 2
3180 3
3181 3
3182 3
3183 3
3184 3
3185 6
3186 3
3187 7
3188 3
3189 3
319 2
3190 3
3191 3
3192 3
3193 3
3194 3
3195 3
3196 3
3197 6
3198 3
3199 3
32 9
320 6
3200 3
3201 3
3202 3
3203 4
3204 3
3205 3
3206 3
3207 9
3208 3
3209 5
321 2
3210 7
3211 3
3212 3
3213 3
3214 3
3215 3
3216 3
3217 10
3218 3
3219 5
322 6
3220 3
3221 3
323 7
324 6
325 2
326 6
327 6
328 2
329 2
33 7
330 3
331 2
332 2
333 2
334 2
335 2
336 7
337 2
338 3
339 6
34 7
340 7
341 2
342 6
343 5
344 3
345 2
346 6
347 3
348 9
349 2
35 9
350 2
351 2
352 3
353 3
354 2
355 1
356 7
357 9
358 6
359 2
36 6
360 2
361 2
362 2
363 2
364 6
365 7
366 2
367 6
368 5
369 2
37 3
370 3
371 2
372 7
373 6
374 2
375 9
376 2
377 8
378 9
379 2
38 2
380 2
381 2
382 2
383 9
384 6
385 2
386 2
387 6
388 2
389 2
39 5
390 2
391 2
392 8
393 7
394 4
395 9
4 6
40 7
41 8
42 6
43 7
44 7
45 7
46 9
47 6
48 7
49 5
5 7
50 3
51 7
52 2
53 7
54 7
55 7
56 6
57 7
58 7
59 2
6 7
60 6
601 2
602 6
603 6
604 6
605 6
606 6
607 6
608 6
609 7
61 7
610 6
611 6
612 6
613 2
614 6
615 2
616 6
617 6
618 5
619 6
62 2
620 6
621 6
622 6
623 3
624 3
625 6
626 2
627 6
628 6
629 6
63 3
630 6
631 3
632 6
633 6
634 6
635 6
636 6
637 3
638 6
639 6
64 7
640 6
641 6
642 3
643 7
644 3
645 2
646 6
647 9
648 3
649 6
65 3
650 6
651 7
652 5
653 3
654 2
655 6
656 3
657 6
658 3
659 6
66 2
660 6
661 6
662 6
663 6
664 6
665 6
666 6
667 2
668 2
669 2
67 7
670 3
671 6
672 7
673 8
674 2
675 7
676 6
677 2
678 4
679 6
68 7
680 6
681 6
682 7
683 7
684 3
685 5
686 3
687 7
688 6
689 6
69 7
690 6
691 3
692 6
693 6
694 2
695 2
696 7
697 6
698 6
699 3
7 7
70 2
700 6
71 7
72 3
73 7
74 7
75 7
76 7
77 6
78 7
79 7
8 6
80 7
81 1
82 3
83 7
84 7
85 3
86 7
87 7
88 5
89 7
9 7
90 2
91 7
92 7
93 7
94 7
95 7
96 7
97 5
98 7
99 7
